cam_model: Pinhole
cam_width: 640
cam_height: 480
cam_fx: 541.7084706800928
cam_fy: 539.9289409636573
cam_cx: 312.6945803266324
cam_cy: 241.325960768061
cam_d0: 0.05134881416934534
cam_d1: -0.131962189811388
cam_d2: 0.0003224071083453772
cam_d3: -0.001226652186527941